1.6083043813705444
1.6081162691116333
1.6079444885253906
1.6077818870544434
1.6076174974441528
1.6074535846710205
1.6072998046875
1.6071408987045288
1.606981635093689
1.6068270206451416
1.6066699028015137
1.6065133810043335
1.6063593626022339
1.606199860572815
1.6060445308685303
1.6058894395828247
1.6057324409484863
1.6055845022201538
1.6054319143295288
1.6052802801132202
1.6051340103149414
1.6049847602844238
1.604838490486145
1.604695200920105
1.6045526266098022
1.6044092178344727
1.6042646169662476
1.6041228771209717
1.603987693786621
1.6038477420806885
1.6037049293518066
1.60355806350708
1.603412389755249
1.6032686233520508
1.6031213998794556
1.602977991104126
1.6028411388397217
1.6027021408081055
1.602562665939331
1.6024253368377686
1.602286696434021
1.6021480560302734
1.6020030975341797
1.6018601655960083
1.6017178297042847
1.6015751361846924
1.601433515548706
1.6012905836105347
1.6011478900909424
1.6010135412216187
1.600875973701477
1.6007364988327026
1.6005935668945312
1.6004533767700195
1.6003130674362183
1.60016930103302
1.60002863407135
1.5998945236206055
1.599759817123413
1.59962797164917
1.5994940996170044
1.5993553400039673
1.599214792251587
1.5990753173828125
1.5989402532577515
1.5988088846206665
1.5986734628677368
1.5985420942306519
1.5984052419662476
1.5982704162597656
1.5981324911117554
1.5979961156845093
1.5978620052337646
1.5977270603179932
1.597593903541565
1.597466230392456
1.597333550453186
1.5972086191177368
1.5970776081085205
1.5969488620758057
1.5968143939971924
1.5966811180114746
1.5965532064437866
1.596421480178833
1.5962873697280884
1.596153974533081
1.5960193872451782
1.5958843231201172
1.5957486629486084
1.5956158638000488
1.5954790115356445
1.5953470468521118
1.5952144861221313
1.5950838327407837
1.5949527025222778
1.5948209762573242
1.5946885347366333
1.594558835029602
1.594431757926941
1.5943032503128052
