1.60874342918396
1.6085580587387085
1.6083735227584839
1.6081814765930176
1.6079902648925781
1.607798457145691
1.6076102256774902
1.6074256896972656
1.607236385345459
1.6070547103881836
1.6068775653839111
1.6066913604736328
1.6065033674240112
1.606316089630127
1.6061389446258545
1.6059596538543701
1.6057857275009155
1.605603575706482
1.6054253578186035
1.605246663093567
1.6050769090652466
1.6048991680145264
1.6047285795211792
1.6045624017715454
1.6043928861618042
1.604217529296875
1.6040416955947876
1.6038681268692017
1.6037026643753052
1.6035354137420654
1.6033647060394287
1.6031956672668457
1.603024959564209
1.6028562784194946
1.602691411972046
1.602526068687439
1.6023610830307007
1.6021991968154907
1.6020313501358032
1.601865291595459
1.6017073392868042
1.6015466451644897
1.6013838052749634
1.601224422454834
1.6010676622390747
1.60091233253479
1.6007511615753174
1.6005908250808716
1.6004372835159302
1.6002882719039917
1.600135326385498
1.5999858379364014
1.5998414754867554
1.5996912717819214
1.5995451211929321
1.5993976593017578
1.5992493629455566
1.5991095304489136
1.598964810371399
1.5988274812698364
1.598679780960083
1.5985397100448608
1.5983965396881104
1.5982563495635986
1.5981171131134033
1.5979770421981812
1.5978362560272217
1.5976953506469727
1.5975579023361206
1.5974206924438477
1.597285509109497
1.5971463918685913
1.5970100164413452
1.5968754291534424
1.596745252609253
1.5966078042984009
1.5964703559875488
1.5963399410247803
1.596208095550537
1.5960725545883179
1.5959416627883911
1.595810890197754
1.5956807136535645
1.595557451248169
1.5954262018203735
1.5952967405319214
1.5951645374298096
1.5950407981872559
1.5949207544326782
1.5947924852371216
1.5946701765060425
1.5945457220077515
1.594419002532959
1.5942952632904053
1.5941672325134277
1.594042420387268
1.5939159393310547
1.5937962532043457
1.5936720371246338
1.5935477018356323
