1.5697294473648071
1.5668941736221313
1.5667643547058105
1.5645227432250977
1.5645297765731812
1.5669111013412476
1.5658971071243286
1.565759539604187
1.5648409128189087
1.564483642578125
1.564842939376831
1.5645756721496582
1.5645002126693726
1.5641037225723267
1.5643525123596191
1.5633289813995361
1.564549446105957
1.5637086629867554
1.5631438493728638
1.5646905899047852
1.563543438911438
1.5645872354507446
1.5642460584640503
1.5639090538024902
1.5640536546707153
1.5635138750076294
1.5635576248168945
1.5631089210510254
1.5641212463378906
1.5632857084274292
1.5632405281066895
1.5637688636779785
1.5630751848220825
1.563173770904541
1.5639047622680664
1.5632442235946655
1.5630418062210083
1.5630080699920654
1.5633844137191772
1.5632359981536865
1.563068151473999
1.5632532835006714
1.5632047653198242
1.5629234313964844
1.563042402267456
1.563381552696228
1.5630829334259033
1.5627052783966064
1.563506841659546
1.5637060403823853
1.563169240951538
1.563153862953186
1.563027262687683
1.5626734495162964
1.5631392002105713
1.5630601644515991
1.563234806060791
1.562729835510254
1.5632307529449463
1.5628935098648071
1.5630654096603394
1.5626840591430664
1.563011884689331
1.5631816387176514
1.5629887580871582
1.5626697540283203
1.5629281997680664
1.5630345344543457
1.562846302986145
1.5629913806915283
1.5629533529281616
1.562720537185669
1.5628283023834229
1.5628453493118286
1.5627808570861816
1.5628045797348022
1.562813401222229
1.562794804573059
1.5627336502075195
1.5626916885375977
1.5628581047058105
1.5627444982528687
1.5626834630966187
1.5627955198287964
1.5628304481506348
1.5627866983413696
1.5628279447555542
1.562755823135376
1.562670350074768
1.5627754926681519
1.5625736713409424
1.5626087188720703
1.56264328956604
1.5626564025878906
1.5626575946807861
1.5625483989715576
1.5626451969146729
1.562708854675293
1.5625951290130615
1.5627375841140747
