1.5810890197753906
1.5636792182922363
1.562881588935852
1.5626872777938843
1.5630855560302734
1.5625675916671753
1.562824010848999
1.5629477500915527
1.5635744333267212
1.5629866123199463
1.5628604888916016
1.5632323026657104
1.5630860328674316
1.5626660585403442
1.5627535581588745
1.5633057355880737
1.5627402067184448
1.5631165504455566
1.5630342960357666
1.5627541542053223
1.5629125833511353
1.562649130821228
1.562934160232544
1.562707781791687
1.5626269578933716
1.562779426574707
1.5627368688583374
1.563046932220459
1.5625433921813965
1.5626429319381714
1.5627039670944214
1.562748670578003
1.562734842300415
1.562807559967041
1.5627915859222412
1.5626811981201172
1.562610149383545
1.562803864479065
1.5626717805862427
1.5627177953720093
1.562412142753601
1.5626327991485596
1.5625629425048828
1.5624055862426758
1.5624704360961914
1.5627952814102173
1.562695026397705
1.5630214214324951
1.562393307685852
1.5629770755767822
1.5624676942825317
1.5626195669174194
1.5628890991210938
1.5627360343933105
1.5625126361846924
1.5626163482666016
1.5627615451812744
1.5626487731933594
1.5625863075256348
1.563510537147522
1.5625227689743042
1.563025712966919
1.562843680381775
1.5628498792648315
1.5626609325408936
1.562515377998352
1.5625215768814087
1.5625818967819214
1.5626773834228516
1.5627654790878296
1.5625706911087036
1.5628862380981445
1.56265127658844
1.562518835067749
1.5624957084655762
1.56288743019104
1.5626813173294067
1.5627198219299316
1.5625416040420532
1.5626769065856934
1.562571406364441
1.5631760358810425
1.5626970529556274
1.5626720190048218
1.562613844871521
1.562435507774353
1.5627973079681396
1.5624663829803467
1.562412142753601
1.563007116317749
1.5622851848602295
1.5624216794967651
1.5627315044403076
1.5630583763122559
1.562881350517273
1.5626355409622192
1.562519907951355
1.56259024143219
1.5625661611557007
1.5623148679733276
