1.5722955465316772
1.5676003694534302
1.5683403015136719
1.565944790840149
1.5678777694702148
1.5668073892593384
1.566288948059082
1.5639560222625732
1.5664923191070557
1.5667803287506104
1.563805103302002
1.5656105279922485
1.564785361289978
1.5656745433807373
1.5651546716690063
1.5637556314468384
1.5641956329345703
1.5637305974960327
1.5650334358215332
1.564595341682434
1.5648417472839355
1.5636019706726074
1.5628724098205566
1.5630289316177368
1.5635861158370972
1.5632938146591187
1.5629338026046753
1.563279390335083
1.563280463218689
1.5634268522262573
1.5639042854309082
1.5637164115905762
1.5642778873443604
1.563679575920105
1.5639336109161377
1.5637016296386719
1.5637446641921997
1.5633659362792969
1.564287543296814
1.5635995864868164
1.5639466047286987
1.5636651515960693
1.5633528232574463
1.563149333000183
1.5630853176116943
1.5634621381759644
1.5629011392593384
1.562906265258789
1.5628167390823364
1.5627237558364868
1.5640006065368652
1.5629713535308838
1.5640954971313477
1.5635344982147217
1.5634105205535889
1.5629621744155884
1.563534140586853
1.5632388591766357
1.563079595565796
1.5632418394088745
1.5634907484054565
1.5632758140563965
1.563430666923523
1.5636200904846191
1.5634835958480835
1.5633201599121094
1.5631626844406128
1.563307523727417
1.563098430633545
1.5635071992874146
1.5635478496551514
1.5631414651870728
1.5628165006637573
1.5635517835617065
1.5631756782531738
1.5632529258728027
1.5632880926132202
1.563185691833496
1.5625933408737183
1.5640699863433838
1.5629007816314697
1.5635548830032349
1.5633751153945923
1.5628819465637207
1.5633445978164673
1.5628782510757446
1.5627034902572632
1.563152551651001
1.5627676248550415
1.563091516494751
1.563436508178711
1.5635348558425903
1.56326162815094
1.563576579093933
1.5640281438827515
1.5627007484436035
1.5637551546096802
1.563539981842041
1.5635658502578735
1.5637719631195068
