1.6104539632797241
1.6103107929229736
1.610174298286438
1.6100349426269531
1.609897494316101
1.6097643375396729
1.6096285581588745
1.609489917755127
1.6093519926071167
1.6092135906219482
1.6090770959854126
1.6089375019073486
1.608802318572998
1.6086664199829102
1.6085278987884521
1.6083922386169434
1.608259677886963
1.6081268787384033
1.607990026473999
1.6078553199768066
1.607725977897644
1.6075910329818726
1.6074602603912354
1.6073287725448608
1.6071996688842773
1.6070713996887207
1.6069371700286865
1.6068060398101807
1.6066805124282837
1.6065521240234375
1.606425166130066
1.6062920093536377
1.6061617136001587
1.6060374975204468
1.6059097051620483
1.605782389640808
1.6056543588638306
1.605526328086853
1.605400800704956
1.6052742004394531
1.6051472425460815
1.6050199270248413
1.60489821434021
1.6047786474227905
1.6046521663665771
1.604530930519104
1.60440993309021
1.604285478591919
1.6041666269302368
1.6040440797805786
1.603924036026001
1.6038035154342651
1.6036832332611084
1.6035609245300293
1.6034386157989502
1.6033198833465576
1.6032005548477173
1.603081226348877
1.6029607057571411
1.6028460264205933
1.6027288436889648
1.6026124954223633
1.6024948358535767
1.6023799180984497
1.6022660732269287
1.6021517515182495
1.6020383834838867
1.6019277572631836
1.601813793182373
1.6017009019851685
1.6015875339508057
1.6014736890792847
1.601363182067871
1.6012520790100098
1.6011388301849365
1.6010245084762573
1.6009153127670288
1.6008082628250122
1.6006946563720703
1.6005840301513672
1.600470781326294
1.6003613471984863
1.600249171257019
1.6001373529434204
1.6000261306762695
1.5999153852462769
1.5998069047927856
1.5996983051300049
1.599587082862854
1.599478840827942
1.5993729829788208
1.599264144897461
1.5991556644439697
1.5990513563156128
1.598942518234253
1.5988409519195557
1.5987356901168823
1.5986307859420776
1.5985268354415894
1.5984196662902832
