1.598188042640686
1.5856317281723022
1.5799866914749146
1.5761374235153198
1.5732756853103638
1.5711942911148071
1.569693922996521
1.5684926509857178
1.5675299167633057
1.566681981086731
1.5660662651062012
1.5655279159545898
1.5650783777236938
1.5646655559539795
1.5643315315246582
1.5640361309051514
1.5638091564178467
1.5635852813720703
1.563401699066162
1.5632386207580566
1.5631022453308105
1.563002347946167
1.5629229545593262
1.5628315210342407
1.5627506971359253
1.5627015829086304
1.5626260042190552
1.5625584125518799
1.562520146369934
1.5624691247940063
1.5624146461486816
1.562374234199524
1.5623384714126587
1.5622954368591309
1.5622614622116089
1.5622472763061523
1.5622154474258423
1.5621856451034546
1.5621788501739502
1.562164545059204
1.5621387958526611
1.5621293783187866
1.562113881111145
1.5621014833450317
1.562090516090393
1.562079668045044
1.562066912651062
1.562056541442871
1.5620415210723877
1.5620406866073608
1.562036156654358
1.5620306730270386
1.5620157718658447
1.5620030164718628
1.5620100498199463
1.5619937181472778
1.5619986057281494
1.5619908571243286
1.5619804859161377
1.5619757175445557
1.5619746446609497
1.5619653463363647
1.561964988708496
1.5619652271270752
1.5619627237319946
1.5619537830352783
1.561953067779541
1.5619571208953857
1.5619577169418335
1.5619488954544067
1.5619535446166992
1.5619505643844604
1.561944842338562
1.56194269657135
1.561943531036377
1.5619429349899292
1.5619434118270874
1.5619388818740845
1.5619375705718994
1.5619330406188965
1.5619310140609741
1.5619381666183472
1.5619359016418457
1.5619361400604248
1.561937928199768
1.561937928199768
1.5619293451309204
1.5619345903396606
1.5619348287582397
1.561930537223816
1.561931848526001
1.5619237422943115
1.5619217157363892
1.5619304180145264
1.5619244575500488
1.5619354248046875
1.561933994293213
1.5619311332702637
1.5619258880615234
1.5619314908981323
