1.6347525119781494
1.6272976398468018
1.6213983297348022
1.61622953414917
1.6115610599517822
1.6072924137115479
1.6032737493515015
1.5994696617126465
1.5958776473999023
1.5924568176269531
1.5891919136047363
1.5860434770584106
1.5830134153366089
1.5800831317901611
1.5772688388824463
1.5745470523834229
1.5718952417373657
1.5692909955978394
1.5667979717254639
1.5643428564071655
1.5619313716888428
1.5596346855163574
1.557357668876648
1.5551496744155884
1.55298912525177
1.550858497619629
1.5487769842147827
1.5467169284820557
1.5447208881378174
1.5427664518356323
1.5408414602279663
1.5389420986175537
1.5370774269104004
1.5352457761764526
1.533449649810791
1.531676173210144
1.529935359954834
1.5282180309295654
1.526503324508667
1.5248111486434937
1.5231618881225586
1.5215349197387695
1.5199354887008667
1.5183427333831787
1.5167795419692993
1.5152262449264526
1.513688564300537
1.5121800899505615
1.5106924772262573
1.5092289447784424
1.5077663660049438
1.506320834159851
1.50489342212677
1.5034821033477783
1.5020941495895386
1.500723123550415
1.4993596076965332
1.4980131387710571
1.496673583984375
1.4953639507293701
1.4940608739852905
1.4927603006362915
1.491472840309143
1.4901801347732544
1.488913893699646
1.4876621961593628
1.4864239692687988
1.4852042198181152
1.4839973449707031
1.482799768447876
1.4816064834594727
1.4804049730300903
1.479242205619812
1.4780806303024292
1.4769220352172852
1.4757776260375977
1.4746428728103638
1.473510980606079
1.4723789691925049
1.4712730646133423
1.4701770544052124
1.4690829515457153
1.4679852724075317
1.4669091701507568
1.4658386707305908
1.4647661447525024
1.4636998176574707
1.4626518487930298
1.4616100788116455
1.4605647325515747
1.4595354795455933
1.458511471748352
1.457493782043457
1.4564884901046753
1.4554837942123413
1.454479694366455
1.453481912612915
1.4524983167648315
1.451525330543518
1.4505558013916016
