1.5968891382217407
1.579124093055725
1.569097876548767
1.564805269241333
1.5634427070617676
1.5627442598342896
1.5623003244400024
1.5616238117218018
1.560336709022522
1.5546092987060547
1.5274057388305664
1.449846625328064
1.334833025932312
1.230704426765442
1.1499700546264648
1.0908687114715576
1.0439914464950562
1.007156491279602
0.9675579071044922
0.9218556880950928
0.8561544418334961
0.7929268479347229
0.7362391352653503
0.6838132739067078
0.6469374895095825
0.6201324462890625
0.5875482559204102
0.5672680735588074
0.5496978163719177
0.5357003808021545
0.5065640211105347
0.4882575273513794
0.46938031911849976
0.44392910599708557
0.4273328185081482
0.3999476134777069
0.3799895942211151
0.3554823100566864
0.33385056257247925
0.3114621937274933
0.29478690028190613
0.2769205868244171
0.26648959517478943
0.25499483942985535
0.24577781558036804
0.23614951968193054
0.22856633365154266
0.22334671020507812
0.22271721065044403
0.2123328447341919
0.20066702365875244
0.20394070446491241
0.21282118558883667
0.19539308547973633
0.18392327427864075
0.18637262284755707
0.17527282238006592
0.17706941068172455
0.18219555914402008
0.1728140115737915
0.16760383546352386
0.17286403477191925
0.16937905550003052
0.16373267769813538
0.15576443076133728
0.15572257339954376
0.15186834335327148
0.1517375111579895
0.15245749056339264
0.1513388305902481
0.14480356872081757
0.13975246250629425
0.1472102552652359
0.13891763985157013
0.14741449058055878
0.13655419647693634
0.1370617300271988
0.13482889533042908
0.13713796436786652
0.13394156098365784
0.12668368220329285
0.13139070570468903
0.12723688781261444
0.1299712061882019
0.13800546526908875
0.1256399005651474
0.12023777514696121
0.12337286025285721
0.11298265308141708
0.118974469602108
0.1147761270403862
0.11476806551218033
0.13143475353717804
0.10865145176649094
0.12011770904064178
0.11135373264551163
0.11203735321760178
0.1110893040895462
0.10677520185709
0.10359800606966019
