1.7188270092010498
1.6907769441604614
1.665509819984436
1.6422007083892822
1.623138427734375
1.6076565980911255
1.5957926511764526
1.586694598197937
1.579823613166809
1.574784278869629
1.5712589025497437
1.5685502290725708
1.5668402910232544
1.565576434135437
1.5645878314971924
1.5639077425003052
1.563442349433899
1.5631047487258911
1.5628302097320557
1.5626976490020752
1.5625070333480835
1.5623724460601807
1.5622934103012085
1.562139630317688
1.5621421337127686
1.5620752573013306
1.5620803833007812
1.5620348453521729
1.561998963356018
1.5619843006134033
1.5619466304779053
1.5619851350784302
1.5619834661483765
1.5619826316833496
1.5619676113128662
1.5618828535079956
1.561908483505249
1.5619038343429565
1.5619224309921265
1.5619021654129028
1.5619306564331055
1.5619099140167236
1.5618618726730347
1.5618642568588257
1.5618783235549927
1.561828851699829
1.5618704557418823
1.5618606805801392
1.5618557929992676
1.5618737936019897
1.5617847442626953
1.5618245601654053
1.561834692955017
1.5618916749954224
1.5617828369140625
1.561795711517334
1.5616904497146606
1.5617705583572388
1.5616995096206665
1.5617048740386963
1.5617207288742065
1.561682105064392
1.5617718696594238
1.561644434928894
1.561705470085144
1.5616778135299683
1.561635136604309
1.5616002082824707
1.5616493225097656
1.561583399772644
1.5616508722305298
1.5615800619125366
1.5615360736846924
1.5614811182022095
1.5614635944366455
1.5614839792251587
1.5613975524902344
1.5614598989486694
1.5613372325897217
1.5613735914230347
1.561341404914856
1.5613036155700684
1.5613410472869873
1.5612984895706177
1.5612412691116333
1.5611895322799683
1.5611906051635742
1.5610756874084473
1.5610994100570679
1.5610555410385132
1.5610154867172241
1.5609335899353027
1.5608693361282349
1.5608694553375244
1.560817837715149
1.560694932937622
1.560660481452942
1.5605573654174805
1.5604667663574219
1.5603517293930054
