1.6000810861587524
1.586678147315979
1.577398419380188
1.5714894533157349
1.5676041841506958
1.5654222965240479
1.5640549659729004
1.5633296966552734
1.5628446340560913
1.5625874996185303
1.5623575448989868
1.5622820854187012
1.5622005462646484
1.5621633529663086
1.5621459484100342
1.5621391534805298
1.562126636505127
1.5621190071105957
1.5621178150177002
1.5620999336242676
1.5621020793914795
1.5620930194854736
1.5621259212493896
1.562113642692566
1.5621143579483032
1.5620912313461304
1.5621373653411865
1.5620907545089722
1.5621006488800049
1.5621235370635986
1.562086582183838
1.5621018409729004
1.5621147155761719
1.5620806217193604
1.562133550643921
1.5621050596237183
1.5620887279510498
1.5621031522750854
1.5621042251586914
1.5621205568313599
1.5620920658111572
1.5621051788330078
1.562092661857605
1.5621012449264526
1.5620872974395752
1.5620996952056885
1.5621089935302734
1.5620923042297363
1.5620723962783813
1.5620973110198975
1.5621016025543213
1.5621051788330078
1.5621329545974731
1.5620861053466797
1.5621176958084106
1.5621142387390137
1.5621113777160645
1.5621060132980347
1.5621061325073242
1.5620940923690796
1.5621074438095093
1.5620813369750977
1.5620779991149902
1.562108039855957
1.5621099472045898
1.5621062517166138
1.5621263980865479
1.5621212720870972
1.5621159076690674
1.5620628595352173
1.5620605945587158
1.5620914697647095
1.5621261596679688
1.5621044635772705
1.5620708465576172
1.5620843172073364
1.562130331993103
1.5621013641357422
1.5621299743652344
1.5621224641799927
1.562119722366333
1.5620949268341064
1.5620875358581543
1.5621113777160645
1.5620635747909546
1.5620981454849243
1.5620943307876587
1.5621047019958496
1.5620914697647095
1.562099575996399
1.5621178150177002
1.5620849132537842
1.56205153465271
1.562109351158142
1.562086820602417
1.5620962381362915
1.5620815753936768
1.5621007680892944
1.5620790719985962
1.5620942115783691
