1.1492120027542114
0.565410852432251
0.3747553527355194
0.26194456219673157
0.21245785057544708
0.17667539417743683
0.16370341181755066
0.1666381061077118
0.14162063598632812
0.1590057611465454
0.12145106494426727
0.11350773274898529
0.12098901718854904
0.10259047150611877
0.10262277722358704
0.11617414653301239
0.09361140429973602
0.12445578724145889
0.09091731160879135
0.09372460842132568
0.10149309784173965
0.10376902669668198
0.09974245727062225
0.10709410160779953
0.06106378883123398
0.07269056141376495
0.09826374799013138
0.06102803349494934
0.06031888350844383
0.06753679364919662
0.05040885508060455
0.0573301836848259
0.0579482726752758
0.061546940356492996
0.0732194185256958
0.06832469999790192
0.05249008908867836
0.056865476071834564
0.09177844971418381
0.07447647303342819
0.0830722451210022
0.06337320059537888
0.05918766185641289
0.08745774626731873
0.08169767260551453
0.0855279192328453
0.06460984796285629
0.09311866015195847
0.07561040669679642
0.08275290578603745
0.09013310819864273
0.08188407123088837
0.07610644400119781
0.0639941394329071
0.11527729779481888
0.0772523581981659
0.07995801419019699
0.08748219162225723
0.06077154725790024
0.05513053014874458
0.059299126267433167
0.061474431306123734
0.0642244815826416
0.10699580609798431
0.07382339984178543
0.07032778859138489
0.10181471705436707
0.0691903755068779
0.06262808293104172
0.0507749579846859
0.0526064932346344
0.06639332324266434
0.07522393763065338
0.05664055421948433
0.06361189484596252
0.05072290077805519
0.07339484989643097
0.0730544701218605
0.049065858125686646
0.0741642490029335
0.05230237916111946
0.07014229148626328
0.05358592048287392
0.06382831186056137
0.05658801272511482
0.08041922003030777
0.056719228625297546
0.05081172659993172
0.10008151084184647
0.07628171890974045
0.05681217834353447
0.05631033331155777
0.05181936174631119
0.052838284522295
0.06903160363435745
0.09370148181915283
0.051554158329963684
0.054539889097213745
0.06060019135475159
0.05657250061631203
