1.6587101221084595
1.6570733785629272
1.6554040908813477
1.65371835231781
1.652094841003418
1.6504396200180054
1.6488386392593384
1.6472893953323364
1.6457117795944214
1.644116997718811
1.6425485610961914
1.6410222053527832
1.6395140886306763
1.6380423307418823
1.6366095542907715
1.635170817375183
1.6337852478027344
1.632439374923706
1.6310664415359497
1.6297450065612793
1.6284763813018799
1.627235770225525
1.625994086265564
1.6248056888580322
1.623633623123169
1.622469425201416
1.6213141679763794
1.6201997995376587
1.6191121339797974
1.618025779724121
1.616973876953125
1.61592435836792
1.6148909330368042
1.6138925552368164
1.6129207611083984
1.6119983196258545
1.6110665798187256
1.61013925075531
1.6092240810394287
1.6083418130874634
1.6074883937835693
1.6066408157348633
1.605806589126587
1.6049829721450806
1.604140043258667
1.6033304929733276
1.6025511026382446
1.6017636060714722
1.6009806394577026
1.600228190422058
1.5994994640350342
1.598787546157837
1.598099946975708
1.5974247455596924
1.596778392791748
1.5961135625839233
1.5954889059066772
1.5948677062988281
1.594245195388794
1.593625545501709
1.5930373668670654
1.5924350023269653
1.5918774604797363
1.5913029909133911
1.5907541513442993
1.5902211666107178
1.5896817445755005
1.5891623497009277
1.5886662006378174
1.58814537525177
1.5876762866973877
1.587203025817871
1.5867271423339844
1.5862594842910767
1.5858335494995117
1.5854228734970093
1.5849944353103638
1.5845662355422974
1.5841554403305054
1.5837469100952148
1.583343505859375
1.5829540491104126
1.5825657844543457
1.5821795463562012
1.5818076133728027
1.5814265012741089
1.5810538530349731
1.5806807279586792
1.5803343057632446
1.5799890756607056
1.5796347856521606
1.5792932510375977
1.5789661407470703
1.5786315202713013
1.5783169269561768
1.5780162811279297
1.5777078866958618
1.577413558959961
1.577115535736084
1.5768327713012695
