1.6729856729507446
1.42996084690094
1.3589599132537842
1.297976016998291
1.2412517070770264
1.1878716945648193
1.1364816427230835
1.0893864631652832
1.0460599660873413
1.0045560598373413
0.9668515920639038
0.9306698441505432
0.8960268497467041
0.8624231219291687
0.8306381106376648
0.8008276224136353
0.7721098065376282
0.745996356010437
0.722762942314148
0.702796995639801
0.6848893165588379
0.6662924289703369
0.6480143666267395
0.6305553913116455
0.6146444082260132
0.5983992218971252
0.5821139812469482
0.567054033279419
0.5531802177429199
0.5382120013237
0.5252470970153809
0.5125109553337097
0.5003533363342285
0.4886339008808136
0.47693556547164917
0.4647848904132843
0.4530262351036072
0.4413820207118988
0.4310329556465149
0.42108964920043945
0.4113992750644684
0.4026685953140259
0.39395737648010254
0.38576510548591614
0.3779425024986267
0.3710283041000366
0.36369648575782776
0.3576706051826477
0.35165509581565857
0.3463585078716278
0.34069427847862244
0.33611470460891724
0.3318080008029938
0.32714423537254333
0.32341521978378296
0.3185211718082428
0.31463515758514404
0.31075146794319153
0.3065582513809204
0.30288058519363403
0.29856985807418823
0.29470765590667725
0.2904847264289856
0.28667694330215454
0.28291305899620056
0.2793051600456238
0.27620261907577515
0.27289333939552307
0.26932036876678467
0.2662337124347687
0.26342856884002686
0.2606388032436371
0.25788620114326477
0.2547852396965027
0.25243493914604187
0.24987927079200745
0.24730634689331055
0.2448762208223343
0.24226383864879608
0.24013261497020721
0.2379121631383896
0.23571348190307617
0.23370318114757538
0.23207013309001923
0.23005135357379913
0.22827191650867462
0.22693884372711182
0.22484922409057617
0.22331321239471436
0.22169941663742065
0.2201496660709381
0.2187836915254593
0.21679897606372833
0.21553649008274078
0.21428506076335907
0.21341443061828613
0.2116733193397522
0.2105703353881836
0.20855708420276642
0.20754241943359375
