1.5810089111328125
1.571750283241272
1.5694611072540283
1.5654666423797607
1.5665708780288696
1.5643346309661865
1.5655616521835327
1.5645142793655396
1.5644253492355347
1.5644102096557617
1.5649317502975464
1.5649863481521606
1.5632792711257935
1.562680721282959
1.562836766242981
1.5626511573791504
1.5628560781478882
1.562981367111206
1.563040018081665
1.5625674724578857
1.5628896951675415
1.5630220174789429
1.5636178255081177
1.5633842945098877
1.5629897117614746
1.5628995895385742
1.5632648468017578
1.5632002353668213
1.5628176927566528
1.5630156993865967
1.5630868673324585
1.5633577108383179
1.563048005104065
1.5640469789505005
1.563180923461914
1.563564419746399
1.5627275705337524
1.562850832939148
1.562965750694275
1.5637876987457275
1.563331127166748
1.5632816553115845
1.5630990266799927
1.5631228685379028
1.5626636743545532
1.563215970993042
1.5633686780929565
1.5627080202102661
1.5630176067352295
1.5632917881011963
1.5631585121154785
1.5628944635391235
1.5627163648605347
1.5634409189224243
1.5630098581314087
1.5630728006362915
1.5629551410675049
1.563204288482666
1.5634053945541382
1.562867283821106
1.5629515647888184
1.5629655122756958
1.5631906986236572
1.5630712509155273
1.5627961158752441
1.5631624460220337
1.5629305839538574
1.5629897117614746
1.5634076595306396
1.5630741119384766
1.562938928604126
1.5630213022232056
1.5629583597183228
1.563557744026184
1.5637913942337036
1.5630502700805664
1.5629938840866089
1.5628281831741333
1.5624688863754272
1.5631959438323975
1.5631264448165894
1.5634002685546875
1.5634056329727173
1.5630849599838257
1.5640439987182617
1.5626158714294434
1.5630425214767456
1.5632500648498535
1.5629143714904785
1.563239336013794
1.5629229545593262
1.5630264282226562
1.5628012418746948
1.563170075416565
1.5636401176452637
1.5631237030029297
1.5638328790664673
1.5629411935806274
1.5634536743164062
1.5629340410232544
