1.6214625835418701
1.5650638341903687
1.5637339353561401
1.5638747215270996
1.5638861656188965
1.563353419303894
1.5632290840148926
1.5627753734588623
1.5640326738357544
1.5622973442077637
1.5627325773239136
1.560354471206665
1.5600837469100952
1.5588711500167847
1.5580511093139648
1.5560356378555298
1.5542209148406982
1.5528855323791504
1.5478785037994385
1.5435149669647217
1.5384113788604736
1.5284382104873657
1.52028489112854
1.5052660703659058
1.4862146377563477
1.462795615196228
1.4344444274902344
1.3925461769104004
1.3435473442077637
1.2846615314483643
1.2213165760040283
1.154525637626648
1.0937416553497314
1.0310171842575073
0.9748589992523193
0.9214105010032654
0.8728910684585571
0.8325982093811035
0.7962170839309692
0.7645843029022217
0.735689103603363
0.7105657458305359
0.6837159991264343
0.6604592800140381
0.6370957493782043
0.6172627806663513
0.5960899591445923
0.5766773223876953
0.5579613447189331
0.5404167771339417
0.5231314897537231
0.5084679126739502
0.4926704466342926
0.47780224680900574
0.4634288251399994
0.4505390226840973
0.43680083751678467
0.42355087399482727
0.410874605178833
0.4024108350276947
0.39431288838386536
0.3850739598274231
0.37822750210762024
0.37070053815841675
0.36266109347343445
0.3562988340854645
0.3491798937320709
0.3403439223766327
0.33515679836273193
0.3291129171848297
0.322634220123291
0.31766167283058167
0.31188446283340454
0.3065759539604187
0.3007529675960541
0.29494234919548035
0.291138619184494
0.28510782122612
0.284750372171402
0.27827930450439453
0.27359452843666077
0.270048052072525
0.2653113305568695
0.26074138283729553
0.257396936416626
0.25313600897789
0.25005123019218445
0.24696195125579834
0.2413347065448761
0.23942424356937408
0.2347925752401352
0.2321283221244812
0.22994832694530487
0.22603577375411987
0.22291633486747742
0.22078821063041687
0.21787823736667633
0.215134859085083
0.2128531038761139
0.20993053913116455
